"L11" "L21" "A1" "L12" "L22" "A2" "L13" "L23" "A3" "C1" "C2" "C3" "Y" "weight_freq"
0 -0.375602871669773 NA NA NA NA NA NA NA 1 NA NA NA NA
1 -0.561876363549783 NA NA NA NA NA NA NA 1 NA NA NA NA
0 -0.343917234128459 1 1 -0.805329005787122 1 1 -2.55082979307755 1 0 0 0 0 0.785401370295744
1 0.0904966471392212 1 1 -1.77543017572181 1 1 -2.28499967241253 0 0 0 0 0 0.721485387552394
1 1.59850877114583 1 1 0.560446839784701 1 0 2.17871365202223 0 0 0 0 1 6.28067891239777
0 -0.088565112138884 0 0 1.47986025410937 0 1 0.702515113420635 0 0 0 0 1 2.11449106834368
1 1.08079949615152 1 0 0.274868046208586 1 0 0.550925913547613 1 0 0 0 1 4.19401279861363
1 0.630754115650567 1 1 -0.192622571035788 1 1 -0.980837783782623 1 0 0 0 1 1.50375042937346
1 -0.113639895506141 1 NA NA NA NA NA NA 0 1 NA NA NA
0 -1.5329020028906 1 0 -0.698052470575771 0 1 -0.40175304427586 1 0 0 0 1 0.800628995218703
1 -0.52111731755252 0 0 -1.53112919366665 0 1 0.598357358848134 1 0 0 0 0 0.660393145498588
0 -0.489870453138474 NA NA NA NA NA NA NA 1 NA NA NA NA
1 0.0471544327615272 1 1 -0.719775552112991 1 1 -2.76894794473819 0 0 0 0 0 0.960430768755645
1 1.30019867766682 0 1 0.415505833034372 0 NA NA NA 0 0 1 NA NA
0 2.29307897383109 1 1 3.01159501891836 1 0 0.568063482964862 1 0 0 0 1 13.8195780378414
1 1.54758105898377 1 1 -1.14255677840001 1 NA NA NA 0 0 1 NA NA
0 -0.133150964328944 0 0 0.104330841184572 0 1 0.176543687071593 1 0 0 0 0 1.14011121566668
0 -1.75652739555764 1 1 -0.573210604156625 1 0 0.467135541754794 0 0 0 0 1 1.43029232746796
0 -0.388779864071743 1 0 0.356202912080013 0 NA NA NA 0 0 1 NA NA
1 0.0892072230732945 1 1 -0.666120873122676 1 1 -1.38208591622111 0 0 0 0 1 1.09993845413907
1 0.845013004067436 0 1 -0.520749639395534 1 NA NA NA 0 0 1 NA NA
1 0.962527968484271 1 0 -0.284520067627852 0 NA NA NA 0 0 1 NA NA
1 0.684309429416465 0 1 2.08191070664539 1 1 2.02571458457663 1 0 0 0 0 4.03475092420141
1 -1.39527434979947 1 1 -0.914898166723901 0 0 -0.510865066558442 1 0 0 0 1 0.961868323622866
1 0.849643045633355 1 0 -2.3196555497414 1 1 -3.68968486780029 1 0 0 0 1 0.754270952676851
1 -0.446557216427222 1 NA NA NA NA NA NA 0 1 NA NA NA
1 0.174802700161256 0 0 0.427904010995709 0 0 -1.41841992128918 1 0 0 0 1 1.68922294864885
1 0.0745511771737346 1 0 -0.696296183250658 0 0 -2.52650339771993 0 0 0 0 0 1.2802965788706
0 0.428166764970505 0 0 0.196219761375154 1 1 -0.342681468224814 1 0 0 0 1 1.44467063410876
0 0.0246749828261399 1 NA NA NA NA NA NA 0 1 NA NA NA
1 -1.66747509758566 1 1 -1.27717806783758 1 1 -2.1000159225841 1 0 0 0 1 0.614008398982473
1 0.736495964773442 1 1 -0.835618950650295 0 1 -1.94665180144909 1 0 0 0 1 1.04397664464488
1 0.386026568349676 NA NA NA NA NA NA NA 1 NA NA NA NA
1 -0.265651625278222 1 1 -1.76418183745985 0 0 -2.63261619108041 1 0 0 0 0 0.733197980235635
0 0.118144511046681 0 NA NA NA NA NA NA 0 1 NA NA NA
0 0.134038645368463 1 1 0.673856743350677 1 0 0.211431376783646 0 0 0 0 1 2.99239030623812
1 0.221019468561002 0 1 0.419715847934302 1 1 -2.08543358559906 1 0 0 0 1 1.1735860722618
0 1.64084616597749 1 1 1.35417275943986 1 1 -0.646982481850778 0 0 0 0 0 3.16583532200055
0 -0.219050378933476 NA NA NA NA NA NA NA 1 NA NA NA NA
0 0.168065383884658 1 NA NA NA NA NA NA 0 1 NA NA NA
0 1.16838387306909 0 0 1.20144223925661 0 NA NA NA 0 0 1 NA NA
0 1.05418102337692 0 0 -0.540914356044825 1 1 -0.35321695404441 1 0 0 0 0 1.25497581096616
0 1.14526311038036 0 0 2.13844589224864 0 NA NA NA 0 0 1 NA NA
0 -0.577468001059557 0 1 -1.32354201151504 1 NA NA NA 0 0 1 NA NA
0 2.00248273029283 1 1 0.665760073652254 0 1 0.905445405439751 1 0 0 0 1 2.84046158818787
0 0.066700870930183 1 NA NA NA NA NA NA 0 1 NA NA NA
0 1.86685184470686 1 1 0.555096224320286 1 0 -0.78487881315504 0 0 0 0 1 3.59992807084216
0 -1.35090268603071 1 NA NA NA NA NA NA 0 1 NA NA NA
0 0.0209835863542375 0 0 0.460428580323323 1 1 -0.37886558595647 1 0 0 0 0 1.47515721387062
1 1.24991457096922 NA NA NA NA NA NA NA 1 NA NA NA NA
0 -0.715242187222796 NA NA NA NA NA NA NA 1 NA NA NA NA
0 -0.752688968217742 1 1 -1.53091312222212 0 1 0.0490945902120252 1 0 0 0 1 0.636219902241312
1 -0.938538703606894 0 0 -0.726593455651227 1 0 -0.705249565760428 1 0 0 0 0 1.17834548996034
0 -1.05251327933874 1 1 0.230491180687678 1 NA NA NA 0 0 1 NA NA
1 -0.437159533180399 0 1 1.16887437327434 1 0 0.100363392866709 1 0 0 0 1 2.63979651246764
0 0.331179172958982 0 1 0.485071049024237 1 1 -0.616171948695729 1 0 0 0 1 1.27778673551482
0 -2.01421049792072 0 1 -0.625513626267212 0 1 0.159097060267509 1 0 0 0 1 0.532117749880082
1 0.211980433372292 0 0 -0.337654666953299 0 0 1.93773126827432 0 0 0 0 1 2.0175651659206
1 1.23667504641657 0 0 0.466390607261319 0 0 -1.2827048274322 0 0 0 0 0 2.20728666368249
0 2.03757401824044 NA NA NA NA NA NA NA 1 NA NA NA NA
1 1.30117599220059 1 0 0.240521724996058 1 1 -0.518502077844373 0 0 0 0 1 2.53536213823318
0 0.756774763795962 1 1 -0.657166200395764 1 0 -3.16478810058165 1 0 0 0 1 1.29876935503195
0 -1.72673039911433 0 0 -0.528686426456616 1 0 -0.795563209188467 1 0 0 0 1 1.02857018279376
0 -0.601506708006782 0 1 -0.646734693157893 1 1 -1.61653638449138 1 0 0 0 0 0.648422754637477
1 -0.352046456582617 1 1 -1.53763896312776 1 0 0.766783287015763 0 0 0 0 0 1.5105550339973
0 0.703523902756894 0 1 0.132650574576401 0 1 -3.05165092659516 1 0 0 0 1 0.93860798889923
1 -0.105671334003774 1 1 -1.11974057763559 1 1 0.228350879389687 1 0 0 0 0 1.07780909863977
1 -1.25864862806017 NA NA NA NA NA NA NA 1 NA NA NA NA
1 1.68443570809411 0 0 0.851425936484185 1 1 0.66080459786239 0 0 0 0 1 3.01027163199737
0 0.911391291795963 1 1 0.388187072051197 0 0 0.140905528750403 0 0 0 0 1 2.50485295403741
1 0.237430272491026 1 0 -1.82213844955526 1 0 -2.12186951998183 1 0 0 0 1 1.09136305453839
1 1.21810861032581 0 0 1.90587601479092 1 0 1.55856940817708 0 0 0 0 0 7.86130826324641
1 -1.33877428723497 1 1 -1.21001670245672 0 0 -1.69075541626396 1 0 0 0 1 0.763886467940841
0 0.6608202977898 0 0 -0.525871254508353 1 1 -0.0681738093923008 0 0 0 0 1 1.18615604807488
0 -0.522912376313422 0 0 0.0475904572901102 1 1 -0.0735655860403077 1 0 0 0 1 1.16692509080276
0 0.683745521850712 1 0 0.712306790770233 0 1 1.43239159182028 1 0 0 0 0 2.57764191099904
0 -0.0608219546600742 0 0 -1.4140881156316 0 0 -1.30359048930429 1 0 0 0 1 0.776414818836104
1 0.632960713031451 1 1 1.30658732654629 0 0 -0.127693964703882 0 0 0 0 0 3.37365449986372
0 1.33551761505939 1 0 0.00972810235133373 0 1 0.306940614987878 1 0 0 0 0 2.09609450498039
0 0.00729009031689879 0 1 1.12481582580709 1 0 0.168093068417884 1 0 0 0 1 2.59876366846826
0 1.01755863695209 0 1 0.581040637564961 1 0 0.964518672784734 0 0 0 0 0 3.00831025394063
1 -1.18843403514798 0 1 -1.12663986214071 1 1 -0.777920502684289 1 0 0 0 1 0.597089565779766
0 -0.721604440436015 0 NA NA NA NA NA NA 0 1 NA NA NA
1 1.51921771138818 1 1 -1.0405633628931 0 0 0.122338162468896 1 0 0 0 1 1.96313655545702
0 0.377387973023929 0 0 0.147353686594534 1 1 -0.969930972465495 1 0 0 0 0 1.31947462124227
0 -2.05222282043373 0 1 -0.198258865099723 0 1 0.793842463729234 1 0 0 0 1 0.654295106689599
1 -1.36403745208238 1 NA NA NA NA NA NA 0 1 NA NA NA
1 -0.200781015589121 0 1 1.07505060452968 1 1 0.175672673637714 1 0 0 0 1 1.74010812271081
1 0.865779404334488 0 1 1.63188016647022 0 0 -1.09090568037762 1 0 0 0 1 2.67552044877758
0 -0.101883255715222 1 1 -1.69425788376855 0 0 -0.800679683677603 1 0 0 0 0 0.882516570472774
0 0.624187472020653 0 1 0.784394298203437 1 1 -1.87576598204031 0 0 0 0 1 1.34702413979013
1 0.959005377787825 1 0 -1.2541365244603 1 1 -1.35855320719548 1 0 0 0 1 1.26000453060016
0 1.67105482886294 0 0 0.710327435743186 1 NA NA NA 0 0 1 NA NA
1 0.0560167332749619 1 1 0.256671105484164 0 1 -0.711284277156666 1 0 0 0 1 1.37494992935936
0 -0.051981906180899 1 0 0.342348694608322 1 1 -1.10499256263012 0 0 0 0 1 1.69970531919609
0 -1.75323735914227 0 0 -1.72579328320461 1 1 -0.808121988614338 1 0 0 0 1 0.463544311821731
1 0.0993275940878275 0 1 -0.536972657431652 1 1 -1.55060845880153 0 0 0 0 1 0.856704200786603
0 -0.571850057895563 1 1 -1.76208859994495 1 1 -2.34963940184502 0 0 0 0 0 0.564144391546522
0 -0.974009582804091 1 1 -0.647461131497131 1 1 0.197785122066191 1 0 0 0 1 0.961611845742556
1 -0.17990623104754 1 1 -2.34902827995754 1 1 -0.205343730306699 1 0 0 0 1 0.693349877387331
1 1.01494317274366 0 1 -2.32185385517953 1 1 -0.767446543379518 0 0 0 0 0 0.6528222551779
0 -1.99274848868858 1 0 -0.0265619624714322 0 1 -1.50452348637717 1 0 0 0 1 0.892293139315811
0 -0.427279287205429 1 1 1.55983326939201 1 1 1.35656971729126 0 0 0 0 1 2.87031069285033
1 0.116637283582706 0 0 -0.596714898447475 1 1 -2.02689501996344 0 0 0 0 1 0.95349231623912
0 -0.893207570054953 0 1 0.314498702067416 1 1 -0.614701670948099 1 0 0 0 0 0.954947189411604
1 0.333902942499225 0 1 -0.0405513124601086 1 1 0.014182547082681 1 0 0 0 1 1.24595245682215
1 0.411429920615731 1 0 0.980028760023857 0 1 0.276127299621903 1 0 0 0 1 2.60059678828186
1 -0.0330361592759917 1 1 -0.162374147068615 0 0 -0.431579877152123 1 0 0 0 0 1.63596880418295
0 -2.46589819376003 0 0 -1.02928513176386 1 1 -0.889260139651379 1 0 0 0 1 0.54852315553661
0 2.57145814586664 1 0 -1.01340737883255 1 0 -0.578845667309754 1 0 0 0 1 2.9566723493585
1 -0.205299257468199 0 1 0.780306052063655 0 1 0.601503705105085 1 0 0 0 0 1.3486480208076
0 0.65119328158767 0 0 -0.0252569742530204 1 0 -2.23898974099315 1 0 0 0 1 1.54935192177797
0 0.273766491036548 0 1 -1.26660683919675 0 NA NA NA 0 0 1 NA NA
1 1.02467323481835 NA NA NA NA NA NA NA 1 NA NA NA NA
1 0.817659446374088 NA NA NA NA NA NA NA 1 NA NA NA NA
0 -0.209793171228509 1 0 0.454310287051899 0 1 -0.0902051406366803 1 0 0 0 1 1.63467555832931
1 0.378167772208507 0 1 -1.17831214615974 1 1 -1.99180771351404 1 0 0 0 1 0.712202594150018
1 -0.945408831123893 1 0 -1.73034804288039 1 1 -2.73276182303618 1 0 0 0 0 0.656163464723609
1 0.856923010899318 0 0 1.71658143383282 0 0 0.129483467996577 1 0 0 0 0 4.04890173098959
0 -0.461038338884354 0 NA NA NA NA NA NA 0 1 NA NA NA
1 2.41677335378821 0 1 2.17160122079647 0 1 0.250594561525042 1 0 0 0 1 4.06591390015997
0 -1.65104889568819 0 1 0.835999497503787 1 1 0.312702436872472 1 0 0 0 0 1.17093560657144
0 -0.463987242966015 1 0 -0.527962641653111 0 1 0.103519910071204 1 0 0 0 1 1.08670282670739
0 0.825379862759242 0 1 -0.169193755490154 0 1 -1.89333531243135 1 0 0 0 1 0.936180655384465
0 0.510132546878663 1 1 0.310270335302754 0 0 0.272467012449706 1 0 0 0 0 2.24690911474613
1 -0.589481038515 1 0 0.0639826065684279 1 0 0.0736959615021572 1 0 0 0 0 2.56865115265432
0 -0.996780742207522 0 0 1.91524290036729 0 0 0.696294460269131 0 0 0 0 0 3.16902004090172
0 0.144475704710697 1 1 -2.39274448035584 0 NA NA NA 0 0 1 NA NA
0 -0.0143074131669134 1 1 -0.233918003516639 1 0 -1.24919730871205 1 0 0 0 0 1.6251586142831
1 -1.79028123726406 NA NA NA NA NA NA NA 1 NA NA NA NA
1 0.034551067133851 1 1 -0.737323121793458 1 1 -2.07570168626404 1 0 0 0 1 1.00194889210903
1 0.190230315692457 1 1 -2.16270709063888 1 0 -1.35614594567954 1 0 0 0 1 0.983299385769621
1 0.174726396981842 1 0 0.128864090577165 0 0 -1.16038454704691 1 0 0 0 1 2.03492529926055
1 -1.05501704260268 1 1 -2.00659426256526 1 1 -2.29376178660975 0 0 0 0 0 0.534535373024472
1 0.476133278302629 0 1 0.543928137981827 0 1 -0.841674000147577 0 0 0 0 1 1.25974041805111
1 1.37857013695924 0 1 1.39683677449747 0 1 -0.372499327107933 0 0 0 0 0 2.20103303806724
1 0.456236403179813 1 1 0.8120752120645 0 1 -0.162518033761323 0 0 0 0 1 1.91688184998035
1 -1.13558847037434 0 1 -2.32565803257274 1 NA NA NA 0 0 1 NA NA
1 -0.435645469691905 0 1 0.663919113333164 1 0 -1.06800232251545 0 0 0 0 1 1.77983748333985
0 0.346103619553607 0 1 -0.583929547169216 0 1 -0.745398670367233 1 0 0 0 1 0.78636550984805
0 -0.647045631318269 0 0 -1.6125422895081 1 1 -2.89116875283323 1 0 0 0 0 0.491319595879023
0 -2.15764633501528 1 NA NA NA NA NA NA 0 1 NA NA NA
0 0.884250820028209 0 0 1.58838538327908 0 0 1.42603885059639 0 0 0 0 0 4.40898159355087
0 -0.829477611624518 NA NA NA NA NA NA NA 1 NA NA NA NA
1 -0.573560270768283 1 NA NA NA NA NA NA 0 1 NA NA NA
0 1.50390060900454 NA NA NA NA NA NA NA 1 NA NA NA NA
0 -0.774144929605405 1 NA NA NA NA NA NA 0 1 NA NA NA
0 0.845731540189296 0 1 0.329142536333776 0 1 0.0177641950716903 0 0 0 0 1 1.27668978032158
0 -1.26068287881878 0 1 -0.911081493913392 1 0 -1.35404820253371 0 0 0 0 1 0.766528914748914
1 -0.354542403073978 0 1 0.356827534960254 0 1 0.471061528600871 1 0 0 0 0 1.10752531634146
1 -0.0735560191364783 1 0 0.800549525927707 1 0 -0.0624841759429146 0 0 0 0 0 3.74944865003083
0 -1.16865142442436 0 NA NA NA NA NA NA 0 1 NA NA NA
0 -0.634748264908909 0 NA NA NA NA NA NA 0 1 NA NA NA
0 -0.0288415529283144 1 1 1.12233657270134 0 0 0.0166835800171184 0 0 0 0 1 2.56998706911091
0 0.67069596873393 0 1 0.00630601384042717 1 NA NA NA 0 0 1 NA NA
0 -1.65054654342511 1 1 -3.92931144231966 1 1 -3.4163545947568 1 0 0 0 1 0.235562094235908
1 -0.349754239211268 1 1 -0.360893333157703 0 1 0.69365485686207 0 0 0 0 1 1.16012450399408
0 0.756406438545484 1 1 -1.00826479183852 1 1 -1.11031024025977 1 0 0 0 0 1.06574774847012
0 -0.538809159977592 1 1 -1.76794298599272 1 0 -2.35703832248461 0 0 0 0 1 0.755186180955256
0 0.227291921672942 0 1 1.53446277442132 0 1 1.15848012215908 1 0 0 0 1 1.92503006275069
1 0.492228570064431 0 1 2.49411229204745 0 1 1.39728462470186 1 0 0 0 0 3.36504396761105
0 0.267835015331683 0 0 -0.905865033737701 0 1 -0.590512098051758 1 0 0 0 1 0.819935673111053
1 0.653257679471382 0 0 1.15765402140245 1 1 0.479708877741296 1 0 0 0 0 2.70073683321388
0 -0.12270866097738 0 1 -0.155502168858323 1 1 -1.6841300797136 0 0 0 0 1 0.835341227751839
0 -0.41367651359212 0 1 -0.0650307975756123 1 1 -0.931355651349874 0 0 0 0 1 0.874891157341686
1 -2.64314895202898 0 0 -0.299337774558086 1 1 -1.64882359160627 1 0 0 0 0 0.728118415813833
1 -0.092941018479472 NA NA NA NA NA NA NA 1 NA NA NA NA
0 0.430284696359987 1 1 -1.13622300568076 0 1 -1.09951015302207 1 0 0 0 1 0.867707274531219
0 0.53539884086815 1 1 -0.702709454308787 1 1 -0.883329925905909 1 0 0 0 0 1.13940925945144
0 -0.555278351313252 1 1 -0.0915039203577533 1 1 -1.65875749086239 1 0 0 0 1 1.03242851351593
1 1.77950290977515 1 1 -2.14619587697233 1 1 -1.94815606677062 1 0 0 0 1 1.00285823992476
0 0.286424419628825 0 0 1.23845659166288 1 1 -1.71121782505479 1 0 0 0 1 1.90629143418691
1 0.126315858458886 1 1 -2.2039921696028 1 0 -2.24873333673612 1 0 0 0 0 0.850827301875496
1 1.27226677946852 1 0 -0.0419355474473581 1 1 0.649699501002415 1 0 0 0 1 2.56209850994348
1 -0.718466221319259 0 1 -0.74959208825159 1 1 -2.22621194180552 0 0 0 0 1 0.646522087099697
1 -0.450338623924712 1 1 0.367900174061989 1 0 -1.7089819330157 0 0 0 0 1 1.91765021580449
0 2.39745248004976 0 1 1.38757555508151 1 0 -0.226073680966335 0 0 0 0 0 4.61476508315693
1 0.011129187220888 0 1 -0.0924962714843441 0 1 0.288422597240954 1 0 0 0 1 1.00391300269486
1 1.63356842140831 1 0 0.814920019562751 0 1 1.64356917530167 1 0 0 0 0 3.70660208939235
1 -1.43850664491452 0 0 -1.74626787864769 1 1 1.28060678927997 1 0 0 0 1 0.663042014939637
1 -0.190516802042901 0 1 -0.491157257087827 1 1 -0.144685390469162 1 0 0 0 0 0.943344660452554
0 0.378423903636832 1 0 0.866796365626184 1 1 0.604851709366755 1 0 0 0 1 2.77283468874237
1 0.300038545205798 NA NA NA NA NA NA NA 1 NA NA NA NA
0 -1.00563625951084 1 NA NA NA NA NA NA 0 1 NA NA NA
1 0.0192592746253708 0 1 0.447586004723566 1 NA NA NA 0 0 1 NA NA
0 -1.07742065311198 1 1 -2.41629995115971 0 NA NA NA 0 0 1 NA NA
0 0.712703325244282 1 1 -0.741959141097529 0 1 -1.99106761538929 1 0 0 0 0 0.990958992716418
1 1.08477508986065 0 NA NA NA NA NA NA 0 1 NA NA NA
1 -2.22498769648741 1 1 -4.06353902368956 1 NA NA NA 0 0 1 NA NA
1 1.23569346230014 NA NA NA NA NA NA NA 1 NA NA NA NA
0 -1.24104449680849 0 1 0.680850424422179 1 0 -0.817455644581961 0 0 0 0 1 1.49782326101458
0 0.454769268982633 0 1 -0.587408149561338 1 1 -1.98665984077011 1 0 0 0 1 0.796279435899446
1 0.659902638142608 0 1 1.37365833765022 1 1 0.130901765491103 1 0 0 0 0 2.29543224483968
1 -0.199889828101433 0 0 -0.468195114806823 1 0 -0.142957034967722 0 0 0 0 0 1.6108720821008
1 -0.645113956859792 0 0 -0.0947813000669724 1 1 -0.776001887906894 0 0 0 0 0 1.11083124185149
0 0.16532102124205 1 NA NA NA NA NA NA 0 1 NA NA NA
0 0.438818700714454 NA NA NA NA NA NA NA 1 NA NA NA NA
1 0.883302819948705 0 1 -0.062939513172253 1 1 -0.742237833599919 0 0 0 0 1 1.28036556282895
0 -2.05233698390195 1 0 -1.94126566159661 1 1 -2.03197630297531 1 0 0 0 1 0.482733922573722
1 -1.63637926805902 1 NA NA NA NA NA NA 0 1 NA NA NA
0 1.43040234118818 1 1 0.341348239691671 1 NA NA NA 0 0 1 NA NA
1 1.04662884711155 0 1 0.796114846666859 0 1 0.29994550697296 1 0 0 0 1 1.73155789740095
1 0.435288948907682 0 0 -0.323109066487109 0 0 -1.0594803173919 0 0 0 0 0 1.39508448870077
1 0.71517840711106 NA NA NA NA NA NA NA 1 NA NA NA NA
0 0.917174917641003 0 0 1.83734212767781 0 0 -1.56785284054205 0 0 0 0 0 3.26780241095186
1 -2.66092279846568 1 NA NA NA NA NA NA 0 1 NA NA NA
0 1.11027709663882 0 0 0.575274851080171 0 1 -0.200389797420824 1 0 0 0 0 1.77382079831491
0 -0.484987596562325 0 0 0.134468365859905 1 1 1.55438299107975 0 0 0 0 0 1.4896646337868
0 0.230616830631202 NA NA NA NA NA NA NA 1 NA NA NA NA
0 -0.295157800883577 1 1 1.31148525573524 0 1 0.937579988267014 1 0 0 0 1 2.0156123615935
0 0.871964954078744 0 NA NA NA NA NA NA 0 1 NA NA NA
0 -0.348472448955611 0 1 1.83705675536782 1 1 0.466200787020687 1 0 0 0 1 2.18137481632565
0 0.518503765888248 0 1 -0.0923400059350553 0 1 0.271949832383127 1 0 0 0 0 1.04647975248162
1 -0.390684978638979 1 1 0.461777157530001 1 0 1.52830231264909 0 0 0 0 1 3.52820446098767
0 -1.09278720910151 1 0 -3.04557101555822 1 1 -1.09527668409844 1 0 0 0 1 0.424669560919842
1 1.21001051044026 NA NA NA NA NA NA NA 1 NA NA NA NA
0 0.740900011274274 0 1 1.246881270614 1 1 1.71370685429444 0 0 0 0 1 2.52829683272552
0 1.72426223915645 1 1 -0.909085851981859 1 1 -0.57134517680097 1 0 0 0 1 1.49230828662766
1 0.0651539325793032 NA NA NA NA NA NA NA 1 NA NA NA NA
1 1.12500274582817 1 1 0.0560262183843085 0 1 1.07304325781066 0 0 0 0 0 1.95278915536018
0 1.97541905401908 0 NA NA NA NA NA NA 0 1 NA NA NA
1 -0.281482115038967 1 1 -1.60674036154816 1 1 -0.77787948931644 1 0 0 0 1 0.798880166103555
1 -1.32295111275522 0 0 -1.08560155543091 0 0 -0.817280995847721 0 0 0 0 1 0.769296989769208
1 -0.239351567138116 1 NA NA NA NA NA NA 0 1 NA NA NA
0 -0.214041239985383 0 0 -1.23436786084418 0 1 -0.577541303094633 1 0 0 0 1 0.656723649758975
0 0.15168050450932 0 NA NA NA NA NA NA 0 1 NA NA NA
0 1.71230497731928 0 0 1.30492067789454 0 1 2.68711355787713 0 0 0 0 0 3.76280938636875
1 -0.326143892505348 1 1 -1.968886474809 1 1 -2.24334083679334 1 0 0 0 1 0.625493318456333
1 0.373004655804915 0 1 -0.681365514271324 1 1 -1.39646216780768 1 0 0 0 0 0.87585177642931
1 -0.227684064895531 1 1 -0.0305645221455684 0 0 1.10913512928466 0 0 0 0 0 2.07861847818792
1 0.0204507085250325 NA NA NA NA NA NA NA 1 NA NA NA NA
0 0.314057663506262 1 1 1.08212710922061 0 0 1.50918998179954 0 0 0 0 0 3.50025231656373
1 1.32821469603699 1 1 -0.637676614073093 0 NA NA NA 0 0 1 NA NA
0 0.121318377490778 NA NA NA NA NA NA NA 1 NA NA NA NA
0 0.712842320031113 0 1 1.40424808649382 1 1 -0.24881283517951 0 0 0 0 1 2.05142802765426
0 0.778860029783535 0 0 -0.219191603542361 0 0 -1.07870944217784 0 0 0 0 0 1.47128876829306
0 0.914773270855634 1 0 0.0777271622503729 0 1 -0.264448372241823 0 0 0 0 0 1.82624686185729
1 -0.574394552184383 1 1 0.73184453775961 0 1 -0.489344870785379 0 0 0 0 1 1.45871871271024
0 1.62688121419468 NA NA NA NA NA NA NA 1 NA NA NA NA
1 -0.380956739294013 0 1 1.15907695774997 0 1 0.0885548958513585 1 0 0 0 1 1.43176240022127
1 -0.105784167649752 1 1 -1.85003173375732 1 0 -1.70779707132296 1 0 0 0 0 0.965847569247188
1 1.40405026771417 NA NA NA NA NA NA NA 1 NA NA NA NA
0 1.29408390614558 0 1 0.893841164943788 1 1 -0.0378804119171765 1 0 0 0 1 1.96890173377899
1 -1.08999187241124 0 0 -1.48176747555707 0 1 -2.35282009468216 1 0 0 0 1 0.494991784584756
0 -0.873071000417463 0 NA NA NA NA NA NA 0 1 NA NA NA
1 -1.35807905937061 0 0 -0.802395866090799 0 1 1.47890841022043 1 0 0 0 1 0.794735763218691
0 0.181847192619832 0 1 0.346088358763998 0 1 0.730305876804698 0 0 0 0 1 1.17106412493603
1 0.164840867918466 0 1 0.159867250993911 1 1 0.0146622595574 1 0 0 0 1 1.29386243077953
1 0.364114687355063 NA NA NA NA NA NA NA 1 NA NA NA NA
1 0.552157714218558 1 0 -0.884406708867432 0 1 0.234925762593473 1 0 0 0 0 1.32720790330648
0 -0.601892845985016 NA NA NA NA NA NA NA 1 NA NA NA NA
0 -0.993698591098714 0 1 -0.259911416421727 0 0 -0.407610749610812 0 0 0 0 1 0.922440401474743
1 1.0267850560749 1 1 -0.728196643584246 0 0 0.260940440861624 1 0 0 0 1 1.9292543224962
0 0.751061302606323 1 1 1.09475829834623 0 1 1.46794817987931 0 0 0 0 0 2.50408527561755
1 -1.5091665373287 NA NA NA NA NA NA NA 1 NA NA NA NA
1 -0.0951474508492868 1 1 -1.36284204152112 1 1 0.563916056898267 0 0 0 0 1 1.04103305195993
0 -0.895947822756499 NA NA NA NA NA NA NA 1 NA NA NA NA
0 -2.07075107054196 1 NA NA NA NA NA NA 0 1 NA NA NA
0 0.150120131188143 0 1 2.12107891772689 1 1 0.045421844030807 1 0 0 0 1 2.55134849562649
1 -0.0792117092585882 NA NA NA NA NA NA NA 1 NA NA NA NA
1 -0.097369267513081 0 1 -1.0846839396094 1 1 -2.1649273922586 0 0 0 0 1 0.655473243884061
1 0.216152541801233 0 1 0.561023773678464 1 0 -0.0121190276804128 0 0 0 0 0 2.28928388260231
1 0.882465164396587 1 1 0.182525707041227 1 1 -0.344725712098879 0 0 0 0 1 1.93520851015187
1 0.205597504483387 1 1 0.154427808832969 0 0 -0.031502541641851 1 0 0 0 1 2.03473113971563
1 -0.616435842873528 0 1 -0.786193006592101 1 1 -1.7737839321618 1 0 0 0 1 0.674081986111682
1 -0.734799251921281 NA NA NA NA NA NA NA 1 NA NA NA NA
0 -0.131802793041181 NA NA NA NA NA NA NA 1 NA NA NA NA
0 0.310016986578952 1 1 -0.393868274684183 0 1 -1.32609349444732 1 0 0 0 0 1.03365435083773
0 -1.03968035270204 1 1 -1.72398051356898 1 1 -1.96808048941068 1 0 0 0 1 0.537249548869845
1 -0.184308868842384 NA NA NA NA NA NA NA 1 NA NA NA NA
1 0.967267260167914 1 1 -0.0863596085139069 1 NA NA NA 0 0 1 NA NA
0 -0.108280091234486 1 1 0.555568036152893 1 0 -0.708981183358739 0 0 0 0 0 2.32109558131449
0 -0.69842066759439 1 0 1.20929053518415 1 1 -0.286642034195002 0 0 0 0 0 2.36809531210581
0 -0.27594516842554 1 1 -0.497317052487786 0 0 -1.06556009047647 1 0 0 0 1 1.17815577385043
1 1.11464854536198 0 0 -0.177292379517392 1 1 -1.36249049929158 0 0 0 0 1 1.44593350034303
1 0.550043961214136 0 0 -0.748494745911636 1 0 -1.07087429617479 0 0 0 0 1 1.46005290481572
1 1.23667580008161 0 1 0.155303917810158 1 0 0.511672502025513 1 0 0 0 1 2.66665182833851
0 0.139097857161771 0 0 -0.0000529077794923088 1 0 -0.857827639416424 1 0 0 0 0 1.69385454174714
0 0.410275096490425 0 1 2.19693946296579 0 1 -0.384734132140211 1 0 0 0 1 2.23311121592442
1 -0.558456912348133 1 1 -2.10833799891183 1 1 -2.8232208039566 1 0 0 0 1 0.550035987816388
1 0.605370668930333 1 1 -1.49053210205972 1 1 -3.44961370010099 1 0 0 0 0 0.8178555333563
0 -0.506333542189239 0 1 -0.661133461412399 1 1 -2.74108305292427 1 0 0 0 0 0.60155783803494
0 -1.42056550469574 1 1 -0.62272328884956 1 1 -1.75878182718775 0 0 0 0 1 0.732446609173357
0 0.127992965684126 0 NA NA NA NA NA NA 0 1 NA NA NA
0 1.94585121773144 0 1 0.064990909623871 0 1 -1.31653065578918 1 0 0 0 1 1.44022472511472
0 0.800914339573062 0 0 0.527495776136119 0 1 2.25299154187548 0 0 0 0 0 2.0661198081604
0 1.16525338994626 NA NA NA NA NA NA NA 1 NA NA NA NA
0 0.358855723093152 0 0 1.37463433197234 1 1 2.75172646659913 1 0 0 0 0 3.54995208136316
0 -0.608557178316224 0 0 0.784913647343941 0 1 1.16895272521331 0 0 0 0 1 1.49706645402351
1 -0.202240855110284 1 NA NA NA NA NA NA 0 1 NA NA NA
0 -0.273248106811925 1 1 -0.590630286744043 1 1 -2.03857583782264 1 0 0 0 1 0.890138271254556
0 -0.468699779782087 0 1 0.418372723510499 1 1 -1.59157990038096 0 0 0 0 1 0.968559987910035
0 0.704167283929716 0 0 -1.30140899463211 0 0 -1.14757844478683 0 0 0 0 0 0.992611554593136
1 -1.19736350236541 1 1 -1.60895271666275 1 1 -0.223955431734921 1 0 0 0 1 0.711958518076864
1 0.866366132112773 0 1 0.808055950058868 0 1 0.870498537368548 1 0 0 0 1 1.76413965554596
1 0.864152486225893 1 1 -0.791155911267172 1 NA NA NA 0 0 1 NA NA
1 -1.19862235906875 1 0 -1.35922938088256 0 0 -0.866736118177892 0 0 0 0 0 0.927040355596743
0 0.639491997900534 NA NA NA NA NA NA NA 1 NA NA NA NA
0 2.43022665234451 0 0 0.491460111855942 1 1 0.0721327277075517 1 0 0 0 1 2.74216116121429
1 -0.557215481941608 0 NA NA NA NA NA NA 0 1 NA NA NA
1 0.844904241408072 1 1 -0.477415114294092 1 1 -1.24266586429638 0 0 0 0 1 1.39733369714742
0 -0.782201845619403 0 1 -0.738128745616787 1 0 1.11510885558388 0 0 0 0 0 1.34167155262891
1 1.1107114182028 1 1 0.689450774762854 1 1 0.51441667059998 0 0 0 0 0 2.71093489072442
1 0.249824719926562 0 1 1.4547945724582 1 1 -0.201008917458219 0 0 0 0 0 2.10510899581083
1 1.65191539162316 0 0 0.614035316444935 0 NA NA NA 0 0 1 NA NA
0 -1.45897072853692 1 1 -0.830813371776911 1 1 -1.40204815661221 1 0 0 0 1 0.700869993146684
0 -0.0512978861253612 NA NA NA NA NA NA NA 1 NA NA NA NA
0 -0.526925176125598 0 NA NA NA NA NA NA 0 1 NA NA NA
0 -0.197264869076299 0 1 0.119863027740648 0 1 0.132038881885841 1 0 0 0 1 0.938168197441368
0 -0.629578742686005 1 NA NA NA NA NA NA 0 1 NA NA NA
0 -0.833843580535001 0 NA NA NA NA NA NA 0 1 NA NA NA
0 0.57872237461645 0 1 -0.69805996208723 1 1 -1.39483200626037 0 0 0 0 0 0.830913664659209
1 -1.08758071407693 1 1 0.204073656087031 1 0 -0.851929305625451 1 0 0 0 1 1.8407048334639
0 1.48403093155628 1 0 0.591127877957971 1 1 0.530076866439688 1 0 0 0 0 3.14502647216858
0 -1.18620658531375 0 NA NA NA NA NA NA 0 1 NA NA NA
1 0.10107915139528 0 1 -0.709702275432939 0 1 0.205450004722592 0 0 0 0 1 0.830959697115176
1 0.532989286826481 1 0 -0.597382948169289 1 1 -2.02687509344325 1 0 0 0 0 1.37335318132896
0 0.586735339092625 1 NA NA NA NA NA NA 0 1 NA NA NA
0 -0.30174666386638 1 1 -2.71458758933161 1 1 -1.92991018635936 1 0 0 0 1 0.469661039336019
1 0.079501995328401 1 1 -1.26177095117389 1 1 -0.570502317598919 1 0 0 0 1 0.979221741938575
1 0.961264151809677 NA NA NA NA NA NA NA 1 NA NA NA NA
0 -1.45646591707643 1 1 -1.52271474488999 1 1 -2.03877871736304 1 0 0 0 1 0.529310564147046
0 -0.781739711532082 1 1 -1.6913974012503 1 1 -4.38507486753405 1 0 0 0 0 0.488284556828837
1 0.32040231431661 0 1 -0.675493373976685 0 0 -0.16342581276738 1 0 0 0 0 1.17315190755377
0 -0.444781978336992 1 0 -0.486641956754452 1 1 -1.64617595712004 1 0 0 0 0 1.0867682785612
0 1.370003993971 0 0 -0.949830387862008 1 0 -0.572340287747937 1 0 0 0 1 1.63054229722609
1 0.673253863354836 1 1 0.507856172259624 0 0 1.48113980908321 1 0 0 0 0 3.2672918676754
0 0.0721667524147558 0 1 -2.13285129822857 1 1 -2.26234469504161 1 0 0 0 1 0.446397307213454
0 -1.50775731753668 1 1 -1.7572181810839 1 1 -0.881883708988068 0 0 0 0 1 0.542140248797827
1 0.0261002253262418 1 1 -1.47413236631037 1 1 -1.58961195645282 1 0 0 0 1 0.823400244075699
1 -0.316415868196993 1 1 -2.10680814364692 1 1 -1.3847994361118 0 0 0 0 0 0.644734520413869
0 -0.102346513520598 1 1 -1.62908059687325 1 1 -2.67033968371619 0 0 0 0 1 0.633875649354779
1 -1.18155922705569 NA NA NA NA NA NA NA 1 NA NA NA NA
1 0.498658043829925 0 0 -0.0704450093009179 1 1 0.769739039798509 0 0 0 0 1 1.63499296318602
0 -1.03895644030703 0 0 -0.820330852606377 0 NA NA NA 0 0 1 NA NA
0 -0.22622198144241 1 1 -2.93387476630306 1 1 -3.35431803800861 0 0 0 0 1 0.408597858419008
1 0.381425829451352 1 1 -1.83360779677011 1 1 -1.08311889002784 1 0 0 0 1 0.835059418541979
1 -0.783515789013048 0 1 -0.723065006969227 0 1 -1.06955667425037 0 0 0 0 1 0.620391957670938
1 0.582991405680064 NA NA NA NA NA NA NA 1 NA NA NA NA
1 -1.31651040165169 0 1 -1.65502413113685 0 1 -1.20597592802486 1 0 0 0 0 0.416599252700976
0 -2.80977467896054 0 1 -0.355346626482568 1 0 -1.12570657884279 1 0 0 0 1 0.819823536450604
0 0.464967990785852 0 1 0.408072343910267 1 0 0.186135668694852 0 0 0 0 0 2.16234990328803
1 0.840539826961 0 0 -0.82357470815827 1 1 -0.165585827343292 1 0 0 0 1 1.19533776568514
0 -0.285845423591384 0 1 -0.611618726797906 1 1 -0.726732325612886 0 0 0 0 1 0.758113701287934
0 0.504126254591608 0 0 -0.0328403542550654 1 1 -0.0523707950812531 0 0 0 0 0 1.38345312791256
0 -1.15591652508367 1 0 -1.75825344377694 1 1 -1.00066630935518 0 0 0 0 0 0.639752708337585
1 -0.127148606825662 1 1 -1.7276279139074 1 1 -1.2854399554007 0 0 0 0 1 0.757659625285318
0 -1.94151837604062 1 0 -1.5225632700207 0 0 -0.670051474903397 0 0 0 0 0 0.728833478971543
0 1.18118089143852 0 1 1.33178516523902 0 0 1.38150280838434 1 0 0 0 0 3.49462893189237
1 1.85991086154316 1 1 0.456807434338876 1 0 0.238303009424779 1 0 0 0 0 4.39640851842307
0 1.07401226028199 NA NA NA NA NA NA NA 1 NA NA NA NA
1 -0.0273469664137418 0 1 0.174146761561952 0 1 0.994041879275073 1 0 0 0 0 1.17081176863011
1 -0.0333303422759193 1 0 0.0772531959135377 1 1 0.0879639309713227 1 0 0 0 0 1.9178992469625
0 -1.5160676231511 0 1 -0.898547769823913 1 1 -1.30227221360662 0 0 0 0 1 0.528280993707412
1 0.790385343888228 1 1 0.150997870889988 1 1 -1.71397148780027 1 0 0 0 0 1.640510203277
1 -0.210734180691776 1 1 -1.95093999743185 1 1 -2.16350245251752 0 0 0 0 0 0.647949176225709
1 -0.656742925361075 NA NA NA NA NA NA NA 1 NA NA NA NA
0 -1.41202579265831 1 NA NA NA NA NA NA 0 1 NA NA NA
0 -0.299762496646272 1 0 -0.454216744763095 0 1 -0.752402945021935 1 0 0 0 1 1.08083090477105
1 -0.849061135016708 NA NA NA NA NA NA NA 1 NA NA NA NA
0 -0.397030520327837 0 0 -0.322133239161256 1 0 -1.68496653785487 1 0 0 0 0 1.20047400242163
0 -1.2175999877636 0 1 -1.3750142166716 0 1 -1.50980922490975 1 0 0 0 0 0.415917749623654
1 1.6875894829457 1 0 -0.785919475311869 0 1 -0.0373725805780043 1 0 0 0 0 1.80125414919861
0 -0.0160025272079689 0 0 0.270519346998095 0 0 0.348865627001665 0 0 0 0 1 1.7675139082966
0 1.07494507727239 0 0 1.89430939091161 0 0 0.543085013883663 0 0 0 0 1 4.57700483595168
1 -2.60169967025765 1 1 -2.78798543005852 0 1 -0.581170382978243 1 0 0 0 1 0.329271398002915
0 -0.453197829994837 1 0 -1.11139758729461 1 1 -2.69682823498037 1 0 0 0 1 0.800553733961639
0 -0.675482291592071 NA NA NA NA NA NA NA 1 NA NA NA NA
0 -1.22292617936591 0 1 -1.16608353974579 1 1 0.286788797247724 0 0 0 0 1 0.599125643332035
0 1.54660915422409 0 1 0.8948768919325 1 1 -0.660409312282369 1 0 0 0 1 1.95270978178002
0 -1.41528191976949 0 0 -0.755237076863105 0 1 0.00996637960929447 1 0 0 0 1 0.642812209299533
0 0.318390260408025 0 1 -0.61705646036267 0 1 -1.06681623350561 1 0 0 0 0 0.75480927222104
1 0.846436285579692 1 1 0.554659393928158 0 0 0.0553146607239926 0 0 0 0 1 2.74782637565845
0 0.178190188418023 0 1 0.935402931431982 1 0 0.583304927838388 0 0 0 0 1 2.6877614080919
1 -0.875255477495516 1 1 -0.113488232090557 1 1 -1.67075859743884 1 0 0 0 1 1.0774716585849
1 0.941165806724167 NA NA NA NA NA NA NA 1 NA NA NA NA
1 0.170588081840838 0 1 -0.621067747002157 1 1 -0.47831052611623 1 0 0 0 1 0.935414922264364
0 -1.06349790638204 1 0 -1.49623084969933 1 0 -0.832405735125206 1 0 0 0 1 1.02344737930318
0 -1.38804904760206 NA NA NA NA NA NA NA 1 NA NA NA NA
1 2.08671743449315 0 NA NA NA NA NA NA 0 1 NA NA NA
1 -0.678503145418437 1 0 -1.37887772893412 1 NA NA NA 0 0 1 NA NA
1 -1.85557165391804 1 1 -2.0511306353595 1 1 -2.80319792489294 1 0 0 0 1 0.444532767339305
0 0.533259362753652 1 NA NA NA NA NA NA 0 1 NA NA NA
1 0.310230256060895 1 1 0.93731701875719 1 1 -0.630428910870368 0 0 0 0 1 2.1991158717419
1 -1.3538343357226 0 1 -3.38508351990277 1 1 -2.39839925806418 0 0 0 0 0 0.259223118661573
1 -1.94295641358195 1 NA NA NA NA NA NA 0 1 NA NA NA
0 -0.116302517158606 0 0 -0.0199383815257686 1 0 -0.233813746893545 1 0 0 0 0 1.76251245497216
0 1.13939629170942 1 1 -0.989911457138859 1 1 -1.03976736836054 0 0 0 0 0 1.18826937343107
0 0.636124035182149 0 0 0.703487912411712 1 0 -0.268370789191927 1 0 0 0 1 2.73880864670551
0 -0.492937424161977 0 0 -2.2135563958911 0 0 -0.709759693088566 0 0 0 0 0 0.584663262849523
1 -0.834188231584378 1 1 -0.16212525468027 0 0 -1.45968781589828 0 0 0 0 1 1.21975679998348
0 0.271066756750545 NA NA NA NA NA NA NA 1 NA NA NA NA
1 0.157353347216158 1 1 -2.82405820648895 1 1 -0.49545306720164 0 0 0 0 0 0.633271771592257
1 0.629711746692728 1 1 -1.14870795244566 1 1 -0.658231132925127 0 0 0 0 0 1.13409194372935
0 -0.395797950288896 NA NA NA NA NA NA NA 1 NA NA NA NA
0 0.899354053203099 1 0 -0.701890138162614 0 1 -1.57950172843058 1 0 0 0 1 1.26712205944072
0 -0.830811527336248 1 1 -1.47469275894574 1 0 -2.39667663306216 1 0 0 0 1 0.778107256366849
0 -0.330544700119963 0 0 0.167932624997798 0 1 0.664123169062198 1 0 0 0 0 1.17208393912849
0 0.740814523725905 1 1 -1.1884936596255 1 1 -0.861087865230137 0 0 0 0 1 1.02877472180997
1 0.989971608627113 0 1 0.209136258553084 1 1 -1.16401417386458 1 0 0 0 0 1.38402945454972
1 -1.93850470145338 0 NA NA NA NA NA NA 0 1 NA NA NA
0 0.107190407016153 1 1 1.18758486021668 0 0 1.37202049963395 0 0 0 0 0 3.39736114765808
1 0.60877901173463 1 1 0.0838413871075116 0 0 -0.465152916412262 1 0 0 0 1 2.0472926153372
1 -1.45082431349063 0 1 0.789350835421443 0 NA NA NA 0 0 1 NA NA
0 0.480625599875217 1 1 0.193472833467324 1 1 -0.250729836107659 0 0 0 0 0 1.63560291279683
0 -0.828174270396797 1 1 -0.917328262023759 1 0 -1.34099176152077 1 0 0 0 1 1.08143187144525
1 1.02025301216443 1 0 -2.44640835016718 1 0 -2.45823057948639 1 0 0 0 1 1.02861025065055
0 0.538482032102641 1 1 -1.45541753587932 0 1 -1.34065004309607 1 0 0 0 1 0.80379614984146
0 0.769052294995609 1 0 -0.434436476240419 0 1 -1.29821867331889 1 0 0 0 1 1.36172155622078
1 0.120719329287034 1 1 0.0726301204972994 1 1 -0.194372323743676 0 0 0 0 1 1.61172956444647
0 0.863648434157753 1 1 -0.390689356099294 1 0 0.436695444467892 0 0 0 0 1 2.48311083371037
1 1.38051452831454 0 0 1.03390588541211 1 1 0.26121557857515 1 0 0 0 0 2.90189383844606
0 1.96624801545563 0 0 -0.0806873441109238 0 1 0.772385554138378 1 0 0 0 1 1.93158731840107
0 -0.028395054749065 1 0 -0.78832724472509 1 1 -1.54529864729687 1 0 0 0 1 1.06563597022793
0 -2.2490510903324 0 NA NA NA NA NA NA 0 1 NA NA NA
0 0.0315260045939917 0 1 -0.343622715868615 1 1 -1.00792351452792 1 0 0 0 1 0.860043541680283
1 0.205561208449975 1 0 -0.484387700791862 0 0 -1.67283447549514 1 0 0 0 0 1.54126307326816
0 -0.155345347144399 1 1 -1.24842069962546 1 1 -1.23531740728164 1 0 0 0 1 0.791776834746796
0 0.568288620777075 1 0 0.158489533648041 1 0 0.0584820257930329 0 0 0 0 1 3.0352391466279
0 1.01067796451426 0 0 0.424284089745875 0 NA NA NA 0 0 1 NA NA
1 -0.517982430167822 1 1 -1.00604056173704 1 1 0.11263375990618 0 0 0 0 0 1.01724853701018
1 -0.29409532715611 0 1 -2.2958347500242 1 1 -3.3205668117896 1 0 0 0 0 0.405558097221459
1 0.397842208800339 NA NA NA NA NA NA NA 1 NA NA NA NA
0 -0.550223741489138 1 1 -2.26475595564282 1 1 -1.11530390498881 0 0 0 0 1 0.542399339049555
1 0.0912673834882354 1 1 -2.26008436587619 1 1 -2.04006799096287 1 0 0 0 1 0.638047863060489
1 -1.9617075988853 1 1 -2.17473690028789 0 NA NA NA 0 0 1 NA NA
0 -1.11989972139762 1 0 -1.22074822844442 1 0 -2.52490658896391 0 0 0 0 0 0.893848982226352
0 -1.32775547560413 0 NA NA NA NA NA NA 0 1 NA NA NA
0 -0.853623696727242 1 1 0.164450801936701 1 1 -3.74686279042336 1 0 0 0 1 0.917617425969473
1 -0.693304527930666 NA NA NA NA NA NA NA 1 NA NA NA NA
1 0.38230514254637 0 1 1.00322291203166 1 1 1.40317491102017 1 0 0 0 1 2.22237532496592
1 0.982113002522641 1 1 -0.735253786373213 1 1 0.47436013452163 1 0 0 0 0 1.59332755509897
0 -0.727383529087535 1 1 -1.17153193773255 0 NA NA NA 0 0 1 NA NA
1 -0.996838982378005 0 1 0.38674939323725 0 1 0.528401539302763 0 0 0 0 1 0.999563631805994
0 -1.04168885898951 1 1 -1.01963724555665 0 0 -1.05953961712531 0 0 0 0 0 0.848193351020562
1 -0.414588726363674 1 1 -2.58753907886521 1 0 -2.01877759752906 1 0 0 0 1 0.69854457116159
0 -0.239029068152564 1 0 -1.46607005316841 0 NA NA NA 0 0 1 NA NA
0 0.483617533838269 1 0 0.749400826751869 1 NA NA NA 0 0 1 NA NA
0 -0.32132484216839 1 1 -1.27139967876166 1 1 -1.86242052712371 1 0 0 0 1 0.717735284797308
0 -2.07848926886002 0 1 -0.705800501652889 1 1 -0.679010761927579 1 0 0 0 0 0.559600191737102
0 -0.0914342755501383 0 0 -0.0314944420944241 1 NA NA NA 0 0 1 NA NA
1 1.18718681065156 1 0 -0.602764202023884 1 0 -1.82681965638422 0 0 0 0 0 2.13795314610974
1 1.19160126851033 1 1 -0.454985758151219 1 1 -0.594296542968448 1 0 0 0 1 1.62444724251633
0 -0.78896321811123 1 1 -0.50276106119752 1 1 -0.356311459287621 1 0 0 0 1 0.977868689449649
1 -1.54777654363757 1 1 -1.26430944292654 0 0 -0.777835434032541 0 0 0 0 0 0.80722029764437
1 2.45806049186527 0 NA NA NA NA NA NA 0 1 NA NA NA
1 -0.162421942479419 1 1 -0.981030755674646 1 1 -1.6545260065733 1 0 0 0 1 0.91993847225444
0 -0.0974512501056172 1 1 -1.47193366707949 1 1 -0.151166018479758 1 0 0 0 1 0.837087092165984
0 0.420574188698147 0 1 0.376190195928517 1 0 -0.869877183841401 0 0 0 0 1 1.77128814324536
1 -1.61403945661912 1 1 -0.801685175065379 0 0 -1.18049447737863 0 0 0 0 0 0.882777053633963
1 -0.728219111191288 0 1 1.71785740013135 0 0 1.70052148254632 0 0 0 0 1 3.12402752167779
0 -1.54044240529001 1 1 -1.73390421574874 1 1 -0.452069926796489 0 0 0 0 0 0.568460737002833
0 -0.693094614010595 1 1 -1.17290087891356 1 1 -0.605794802355701 1 0 0 0 1 0.774633451909985
0 0.118849433004561 1 1 0.44191792690023 0 NA NA NA 0 0 1 NA NA
0 -1.36470945798691 0 1 0.598931397511008 1 1 1.1943516834036 1 0 0 0 0 1.24825503351675
1 0.589982679367313 0 1 -0.563690516921319 0 0 -1.49248615237416 1 0 0 0 1 1.09763472049551
1 0.289344028817336 0 1 0.609242469353081 1 0 0.742391227618046 1 0 0 0 0 2.70927776654433
1 -0.904215025620639 1 1 -1.71726502685266 1 0 0.155761321058613 0 0 0 0 0 1.15205580237335
0 0.226324942381064 1 1 -1.34901579905171 0 0 -0.819898325389123 1 0 0 0 1 1.05666096755088
0 0.748081162493843 0 0 0.997401483147179 0 0 1.08442274551899 1 0 0 0 1 3.14279839755822
1 1.06109525326174 NA NA NA NA NA NA NA 1 NA NA NA NA
0 -0.212848278646528 0 0 0.282906738818957 1 1 0.835035377719847 0 0 0 0 1 1.50889613294849
0 -0.0936367939110456 0 1 -0.627321893677474 1 0 -1.87247137345951 1 0 0 0 1 0.963560746009578
0 -0.0867141349819251 1 1 1.2516208884358 1 1 0.821516637566867 1 0 0 0 1 2.49126175923924
1 1.44146175605504 1 1 0.68601888707523 1 0 -2.06593762263131 1 0 0 0 0 3.03078815361991
0 1.12507189227799 0 1 0.188133520486964 1 1 1.47097030563357 0 0 0 0 0 1.78504675037608
0 0.834401567757039 0 1 1.11994971488898 1 1 -0.711364901850956 1 0 0 0 1 1.79024233030354
1 -0.287340799840693 1 1 -2.05818478381402 1 0 -2.04528335739372 0 0 0 0 0 0.835230400544559
0 0.373241434166406 NA NA NA NA NA NA NA 1 NA NA NA NA
1 0.403290331220696 1 1 0.905003064290871 1 NA NA NA 0 0 1 NA NA
0 -1.04167329428932 1 1 -1.20967595874901 0 1 -1.06773282261049 0 0 0 0 1 0.60093060343955
1 -1.72830451532074 NA NA NA NA NA NA NA 1 NA NA NA NA
0 0.641830027651616 0 1 0.0989930136358958 0 NA NA NA 0 0 1 NA NA
1 -1.52931053118042 1 1 -3.76268166589643 1 1 -0.555046771603736 1 0 0 0 1 0.346706215720282
1 0.00168368848420991 1 1 -1.57937070132399 1 1 -3.27644600161843 1 0 0 0 1 0.703100791539083
0 0.250247821348331 0 1 0.347859599709136 0 1 -0.131458615787347 0 0 0 0 0 1.09511849637409
1 0.563867390305883 0 NA NA NA NA NA NA 0 1 NA NA NA
0 0.189426237514811 0 0 -0.498689006243428 0 0 -1.08550930758525 0 0 0 0 1 1.15203883124011
0 -0.732853806297125 NA NA NA NA NA NA NA 1 NA NA NA NA
1 0.986365859895462 1 0 -1.17163635953184 1 1 0.85746671700722 0 0 0 0 0 1.62753734645833
0 1.73863376690625 0 0 -0.147139357880676 0 0 -1.94091527659073 0 0 0 0 1 1.79237678537623
1 0.881178808925443 1 1 -1.0367272389541 1 1 -2.02196148463513 1 0 0 0 0 1.10165524746715
0 -1.94365090132398 0 1 0.397236616671592 1 1 -1.69979025424226 1 0 0 0 0 0.766657771586645
1 1.39957618540294 1 1 0.940098182612373 0 1 0.899570475596107 1 0 0 0 0 2.78662732578885
1 -0.056055946186268 0 1 0.365637184224566 1 1 -1.3833099308483 1 0 0 0 1 1.15678113605625
0 0.52491427931929 0 NA NA NA NA NA NA 0 1 NA NA NA
0 0.62203323587106 0 NA NA NA NA NA NA 0 1 NA NA NA
1 -0.0966860732067051 1 0 0.0112339002897691 1 1 -0.646908609513595 0 0 0 0 1 1.71055369663709
0 -0.0752631976487263 1 0 -0.328002320952814 1 1 0.192213718900235 0 0 0 0 0 1.48499554130603
1 1.0191570693309 0 0 -0.739522390147368 1 1 -0.732757441445156 1 0 0 0 1 1.21455277759683
1 0.711601922486244 0 1 -0.675261261038621 0 0 -2.47833608448566 1 0 0 0 1 0.987348220778931
0 0.990262246044231 0 0 0.545184054941261 0 NA NA NA 0 0 1 NA NA
0 2.38292669523033 0 0 1.39709340911171 1 1 0.912141802232488 0 0 0 0 0 4.31811322593184
1 0.664415863694087 0 0 -0.189150486813934 0 1 1.76557307623186 1 0 0 0 1 1.53504130074165
0 0.207381157385307 1 1 -1.39280066509388 1 1 -2.51122647752199 1 0 0 0 0 0.738427188947876
1 -2.21063311057562 NA NA NA NA NA NA NA 1 NA NA NA NA
0 2.69171400324612 1 1 1.27109248106416 0 NA NA NA 0 0 1 NA NA
0 -0.482676821796308 1 1 -1.03661012003525 1 0 -1.9508715473798 1 0 0 0 0 1.01640074587025
1 2.37473471509539 0 0 1.53652824072898 1 0 -1.11436870269127 0 0 0 0 0 5.43540710970388
1 0.374643568004988 1 1 -2.05857002924767 1 0 0.109511585720223 0 0 0 0 0 1.32849221793409
